* Result Vertices of marching cube 
* Vertices (3 floats) are saved per line. Every three lines are a triangle.
* Author: The5_2 
* 
* Vertices: 720 
v 0.111111 0.311002 0.333333
v 0.0738671 0.333333 0.333333
v 0.111111 0.333333 0.315716
v 0.111111 0.311002 0.333333
v 0.111111 0.333333 0.343722
v 0.0738671 0.333333 0.333333
v 0.0738671 0.333333 0.333333
v 0.111111 0.344103 0.333333
v 0.111111 0.333333 0.315716
v 0.0738671 0.333333 0.333333
v 0.111111 0.333333 0.343722
v 0.111111 0.344103 0.333333
v 0.222222 0.0473499 0.222222
v 0.173739 0.111111 0.222222
v 0.222222 0.111111 0.124849
v 0.222222 0.0318701 0.333333
v 0.173739 0.111111 0.222222
v 0.222222 0.0473499 0.222222
v 0.135041 0.111111 0.333333
v 0.173739 0.111111 0.222222
v 0.222222 0.0318701 0.333333
v 0.222222 0.0701538 0.444444
v 0.135041 0.111111 0.333333
v 0.222222 0.0318701 0.333333
v 0.189899 0.111111 0.444444
v 0.135041 0.111111 0.333333
v 0.222222 0.0701538 0.444444
v 0.222222 0.0701538 0.444444
v 0.222222 0.111111 0.492674
v 0.189899 0.111111 0.444444
v 0.182633 0.222222 0.222222
v 0.222222 0.111111 0.124849
v 0.173739 0.111111 0.222222
v 0.222222 0.222222 0.143753
v 0.222222 0.111111 0.124849
v 0.182633 0.222222 0.222222
v 0.173739 0.111111 0.222222
v 0.135041 0.111111 0.333333
v 0.182633 0.222222 0.222222
v 0.135041 0.111111 0.333333
v 0.160676 0.222222 0.333333
v 0.182633 0.222222 0.222222
v 0.135041 0.111111 0.333333
v 0.189899 0.111111 0.444444
v 0.160676 0.222222 0.333333
v 0.189899 0.111111 0.444444
v 0.200262 0.222222 0.444444
v 0.160676 0.222222 0.333333
v 0.189899 0.111111 0.444444
v 0.222222 0.222222 0.477207
v 0.200262 0.222222 0.444444
v 0.222222 0.111111 0.492674
v 0.222222 0.222222 0.477207
v 0.189899 0.111111 0.444444
v 0.182633 0.222222 0.222222
v 0.222222 0.317936 0.222222
v 0.222222 0.222222 0.143753
v 0.111111 0.311002 0.333333
v 0.182633 0.222222 0.222222
v 0.160676 0.222222 0.333333
v 0.111111 0.311002 0.333333
v 0.222222 0.333333 0.259851
v 0.182633 0.222222 0.222222
v 0.111111 0.311002 0.333333
v 0.111111 0.333333 0.315716
v 0.222222 0.333333 0.259851
v 0.222222 0.333333 0.259851
v 0.222222 0.317936 0.222222
v 0.182633 0.222222 0.222222
v 0.111111 0.311002 0.333333
v 0.222222 0.333333 0.370486
v 0.111111 0.333333 0.343722
v 0.111111 0.311002 0.333333
v 0.200262 0.222222 0.444444
v 0.222222 0.333333 0.370486
v 0.111111 0.311002 0.333333
v 0.160676 0.222222 0.333333
v 0.200262 0.222222 0.444444
v 0.222222 0.27265 0.444444
v 0.222222 0.333333 0.370486
v 0.200262 0.222222 0.444444
v 0.200262 0.222222 0.444444
v 0.222222 0.222222 0.477207
v 0.222222 0.27265 0.444444
v 0.111111 0.333333 0.315716
v 0.222222 0.351241 0.333333
v 0.222222 0.333333 0.259851
v 0.111111 0.344103 0.333333
v 0.222222 0.351241 0.333333
v 0.111111 0.333333 0.315716
v 0.111111 0.344103 0.333333
v 0.222222 0.333333 0.370486
v 0.222222 0.351241 0.333333
v 0.111111 0.333333 0.343722
v 0.222222 0.333333 0.370486
v 0.111111 0.344103 0.333333
v 0.333333 0.0243673 0.111111
v 0.232565 0.111111 0.111111
v 0.333333 0.111111 0.0344966
v 0.232565 0.111111 0.111111
v 0.222222 0.0473499 0.222222
v 0.222222 0.111111 0.124849
v 0.232565 0.111111 0.111111
v 0.333333 0.0243673 0.111111
v 0.222222 0.0473499 0.222222
v 0.333333 0.0243673 0.111111
v 0.333333 0.00347751 0.222222
v 0.222222 0.0473499 0.222222
v 0.222222 0.0473499 0.222222
v 0.333333 0.00347751 0.222222
v 0.222222 0.0318701 0.333333
v 0.333333 0.00347751 0.222222
v 0.333333 0.00175589 0.333333
v 0.222222 0.0318701 0.333333
v 0.222222 0.0318701 0.333333
v 0.333333 0.00175589 0.333333
v 0.222222 0.0701538 0.444444
v 0.333333 0.00175589 0.333333
v 0.333333 0.00591935 0.444444
v 0.222222 0.0701538 0.444444
v 0.222222 0.111111 0.492674
v 0.333333 0.0702146 0.555556
v 0.285148 0.111111 0.555556
v 0.222222 0.111111 0.492674
v 0.222222 0.0701538 0.444444
v 0.333333 0.0702146 0.555556
v 0.222222 0.0701538 0.444444
v 0.333333 0.00591935 0.444444
v 0.333333 0.0702146 0.555556
v 0.333333 0.0702146 0.555556
v 0.333333 0.111111 0.587807
v 0.285148 0.111111 0.555556
v 0.246266 0.222222 0.111111
v 0.333333 0.111111 0.0344966
v 0.232565 0.111111 0.111111
v 0.333333 0.222222 0.0441641
v 0.333333 0.111111 0.0344966
v 0.246266 0.222222 0.111111
v 0.222222 0.111111 0.124849
v 0.222222 0.222222 0.143753
v 0.246266 0.222222 0.111111
v 0.232565 0.111111 0.111111
v 0.222222 0.111111 0.124849
v 0.246266 0.222222 0.111111
v 0.222222 0.222222 0.477207
v 0.222222 0.111111 0.492674
v 0.285148 0.111111 0.555556
v 0.300625 0.222222 0.555556
v 0.222222 0.222222 0.477207
v 0.285148 0.111111 0.555556
v 0.285148 0.111111 0.555556
v 0.333333 0.222222 0.577455
v 0.300625 0.222222 0.555556
v 0.333333 0.111111 0.587807
v 0.333333 0.222222 0.577455
v 0.285148 0.111111 0.555556
v 0.313484 0.333333 0.111111
v 0.333333 0.222222 0.0441641
v 0.246266 0.222222 0.111111
v 0.333333 0.333333 0.0958565
v 0.333333 0.222222 0.0441641
v 0.313484 0.333333 0.111111
v 0.222222 0.222222 0.143753
v 0.222222 0.317936 0.222222
v 0.232649 0.333333 0.222222
v 0.222222 0.222222 0.143753
v 0.232649 0.333333 0.222222
v 0.246266 0.222222 0.111111
v 0.246266 0.222222 0.111111
v 0.232649 0.333333 0.222222
v 0.313484 0.333333 0.111111
v 0.222222 0.317936 0.222222
v 0.222222 0.333333 0.259851
v 0.232649 0.333333 0.222222
v 0.222222 0.333333 0.370486
v 0.222222 0.27265 0.444444
v 0.263783 0.333333 0.444444
v 0.300625 0.222222 0.555556
v 0.333333 0.272535 0.555556
v 0.333333 0.333333 0.513947
v 0.222222 0.222222 0.477207
v 0.300625 0.222222 0.555556
v 0.333333 0.333333 0.513947
v 0.222222 0.222222 0.477207
v 0.333333 0.333333 0.513947
v 0.263783 0.333333 0.444444
v 0.222222 0.222222 0.477207
v 0.263783 0.333333 0.444444
v 0.222222 0.27265 0.444444
v 0.300625 0.222222 0.555556
v 0.333333 0.222222 0.577455
v 0.333333 0.272535 0.555556
v 0.313484 0.333333 0.111111
v 0.333333 0.353288 0.111111
v 0.333333 0.333333 0.0958565
v 0.232649 0.333333 0.222222
v 0.333333 0.353288 0.111111
v 0.313484 0.333333 0.111111
v 0.333333 0.391768 0.222222
v 0.333333 0.353288 0.111111
v 0.232649 0.333333 0.222222
v 0.222222 0.333333 0.259851
v 0.333333 0.391768 0.222222
v 0.232649 0.333333 0.222222
v 0.222222 0.333333 0.259851
v 0.222222 0.351241 0.333333
v 0.333333 0.391768 0.222222
v 0.222222 0.351241 0.333333
v 0.333333 0.39564 0.333333
v 0.333333 0.391768 0.222222
v 0.263783 0.333333 0.444444
v 0.222222 0.351241 0.333333
v 0.222222 0.333333 0.370486
v 0.263783 0.333333 0.444444
v 0.333333 0.377786 0.444444
v 0.222222 0.351241 0.333333
v 0.333333 0.377786 0.444444
v 0.333333 0.39564 0.333333
v 0.222222 0.351241 0.333333
v 0.263783 0.333333 0.444444
v 0.333333 0.333333 0.513947
v 0.333333 0.377786 0.444444
v 0.444444 0.111111 0.00536245
v 0.333333 0.0243673 0.111111
v 0.333333 0.111111 0.0344966
v 0.444444 0.00858224 0.111111
v 0.333333 0.0243673 0.111111
v 0.444444 0.111111 0.00536245
v 0.333333 0.0243673 0.111111
v 0.444444 0.00858224 0.111111
v 0.333333 0.00347752 0.222222
v 0.444444 0.00858224 0.111111
v 0.444444 0.000845321 0.222222
v 0.333333 0.00347752 0.222222
v 0.333333 0.00347752 0.222222
v 0.444444 0.000845321 0.222222
v 0.333333 0.00175589 0.333333
v 0.444444 0.000845321 0.222222
v 0.444444 0 0.333333
v 0.333333 0.00175589 0.333333
v 0.333333 0.00175589 0.333333
v 0.444444 0 0.333333
v 0.333333 0.00591935 0.444444
v 0.444444 0 0.333333
v 0.444444 0.00176212 0.444444
v 0.333333 0.00591935 0.444444
v 0.333333 0.00591935 0.444444
v 0.444444 0.00176212 0.444444
v 0.333333 0.0702146 0.555556
v 0.444444 0.00176212 0.444444
v 0.444444 0.0307479 0.555556
v 0.333333 0.0702146 0.555556
v 0.444444 0.0307479 0.555556
v 0.333333 0.111111 0.587807
v 0.333333 0.0702146 0.555556
v 0.444444 0.111111 0.615857
v 0.333333 0.111111 0.587807
v 0.444444 0.0307479 0.555556
v 0.333333 0.111111 0.0344966
v 0.333333 0.222222 0.0441641
v 0.444444 0.111111 0.00536245
v 0.333333 0.222222 0.0441641
v 0.444444 0.222222 0.0141872
v 0.444444 0.111111 0.00536245
v 0.333333 0.111111 0.587807
v 0.444444 0.111111 0.615857
v 0.333333 0.222222 0.577455
v 0.333333 0.222222 0.577455
v 0.444444 0.111111 0.615857
v 0.444444 0.222222 0.607767
v 0.333333 0.222222 0.0441641
v 0.333333 0.333333 0.0958565
v 0.444444 0.222222 0.0141872
v 0.333333 0.333333 0.0958565
v 0.444444 0.333333 0.0678701
v 0.444444 0.222222 0.0141872
v 0.333333 0.333333 0.513947
v 0.333333 0.272535 0.555556
v 0.418602 0.333333 0.555556
v 0.333333 0.272535 0.555556
v 0.444444 0.333333 0.563209
v 0.418602 0.333333 0.555556
v 0.333333 0.272535 0.555556
v 0.333333 0.222222 0.577455
v 0.444444 0.333333 0.563209
v 0.333333 0.222222 0.577455
v 0.444444 0.222222 0.607767
v 0.444444 0.333333 0.563209
v 0.333333 0.333333 0.0958565
v 0.444444 0.374939 0.111111
v 0.444444 0.333333 0.0678701
v 0.333333 0.353288 0.111111
v 0.444444 0.374939 0.111111
v 0.333333 0.333333 0.0958565
v 0.333333 0.353288 0.111111
v 0.333333 0.391768 0.222222
v 0.444444 0.374939 0.111111
v 0.444444 0.374939 0.111111
v 0.333333 0.391768 0.222222
v 0.444444 0.402266 0.222222
v 0.440117 0.444444 0.333333
v 0.444444 0.444444 0.328341
v 0.444444 0.402266 0.222222
v 0.440117 0.444444 0.333333
v 0.444444 0.402266 0.222222
v 0.333333 0.39564 0.333333
v 0.333333 0.39564 0.333333
v 0.444444 0.402266 0.222222
v 0.333333 0.391768 0.222222
v 0.444444 0.444444 0.33766
v 0.440117 0.444444 0.333333
v 0.333333 0.39564 0.333333
v 0.444444 0.444444 0.33766
v 0.333333 0.39564 0.333333
v 0.444444 0.395625 0.444444
v 0.444444 0.395625 0.444444
v 0.333333 0.39564 0.333333
v 0.333333 0.377786 0.444444
v 0.418602 0.333333 0.555556
v 0.333333 0.377786 0.444444
v 0.333333 0.333333 0.513947
v 0.418602 0.333333 0.555556
v 0.444444 0.344882 0.555556
v 0.333333 0.377786 0.444444
v 0.444444 0.344882 0.555556
v 0.444444 0.395625 0.444444
v 0.333333 0.377786 0.444444
v 0.418602 0.333333 0.555556
v 0.444444 0.333333 0.563209
v 0.444444 0.344882 0.555556
v 0.440117 0.444444 0.333333
v 0.444444 0.447943 0.333333
v 0.444444 0.444444 0.328341
v 0.440117 0.444444 0.333333
v 0.444444 0.444444 0.33766
v 0.444444 0.447943 0.333333
v 0.555556 0.111111 0.0191297
v 0.444444 0.00858224 0.111111
v 0.444444 0.111111 0.00536245
v 0.555556 0.0121788 0.111111
v 0.444444 0.00858224 0.111111
v 0.555556 0.111111 0.0191297
v 0.444444 0.00858224 0.111111
v 0.555556 0.0121788 0.111111
v 0.444444 0.000845324 0.222222
v 0.555556 0.0121788 0.111111
v 0.555556 0.00170737 0.222222
v 0.444444 0.000845324 0.222222
v 0.444444 0.000845324 0.222222
v 0.555556 0.00170737 0.222222
v 0.444444 0 0.333333
v 0.555556 0.00170737 0.222222
v 0.555556 0.000849344 0.333333
v 0.444444 0 0.333333
v 0.444444 0 0.333333
v 0.555556 0.000849344 0.333333
v 0.444444 0.00176212 0.444444
v 0.555556 0.000849344 0.333333
v 0.555556 0.00348947 0.444444
v 0.444444 0.00176212 0.444444
v 0.444444 0.00176212 0.444444
v 0.555556 0.00348947 0.444444
v 0.444444 0.0307479 0.555556
v 0.555556 0.00348947 0.444444
v 0.555556 0.0475345 0.555556
v 0.444444 0.0307479 0.555556
v 0.555556 0.0475345 0.555556
v 0.444444 0.111111 0.615857
v 0.444444 0.0307479 0.555556
v 0.555556 0.111111 0.603887
v 0.444444 0.111111 0.615857
v 0.555556 0.0475345 0.555556
v 0.444444 0.111111 0.00536245
v 0.444444 0.222222 0.0141872
v 0.555556 0.111111 0.0191297
v 0.444444 0.222222 0.0141872
v 0.555556 0.222222 0.027471
v 0.555556 0.111111 0.0191297
v 0.444444 0.111111 0.615857
v 0.555556 0.111111 0.603887
v 0.444444 0.222222 0.607767
v 0.444444 0.222222 0.607767
v 0.555556 0.111111 0.603887
v 0.555556 0.222222 0.594984
v 0.444444 0.222222 0.0141872
v 0.444444 0.333333 0.0678701
v 0.555556 0.222222 0.027471
v 0.444444 0.333333 0.0678701
v 0.555556 0.333333 0.0739154
v 0.555556 0.222222 0.027471
v 0.555556 0.317563 0.555556
v 0.555556 0.333333 0.544895
v 0.503938 0.333333 0.555556
v 0.503938 0.333333 0.555556
v 0.555556 0.222222 0.594984
v 0.555556 0.317563 0.555556
v 0.503938 0.333333 0.555556
v 0.444444 0.333333 0.563209
v 0.555556 0.222222 0.594984
v 0.444444 0.333333 0.563209
v 0.444444 0.222222 0.607767
v 0.555556 0.222222 0.594984
v 0.444444 0.333333 0.0678701
v 0.555556 0.374103 0.111111
v 0.555556 0.333333 0.0739154
v 0.444444 0.374939 0.111111
v 0.555556 0.374103 0.111111
v 0.444444 0.333333 0.0678701
v 0.444444 0.374939 0.111111
v 0.444444 0.402266 0.222222
v 0.555556 0.374103 0.111111
v 0.555556 0.374103 0.111111
v 0.444444 0.402266 0.222222
v 0.555556 0.3971 0.222222
v 0.444444 0.444444 0.328341
v 0.449434 0.444444 0.333333
v 0.555556 0.402238 0.333333
v 0.444444 0.444444 0.328341
v 0.555556 0.402238 0.333333
v 0.444444 0.402266 0.222222
v 0.444444 0.402266 0.222222
v 0.555556 0.402238 0.333333
v 0.555556 0.3971 0.222222
v 0.449434 0.444444 0.333333
v 0.444444 0.444444 0.33766
v 0.444444 0.395625 0.444444
v 0.449434 0.444444 0.333333
v 0.444444 0.395625 0.444444
v 0.555556 0.402238 0.333333
v 0.555556 0.402238 0.333333
v 0.444444 0.395625 0.444444
v 0.555556 0.39173 0.444444
v 0.555556 0.333333 0.544895
v 0.444444 0.344882 0.555556
v 0.503938 0.333333 0.555556
v 0.555556 0.333333 0.544895
v 0.555556 0.39173 0.444444
v 0.444444 0.344882 0.555556
v 0.555556 0.39173 0.444444
v 0.444444 0.395625 0.444444
v 0.444444 0.344882 0.555556
v 0.503938 0.333333 0.555556
v 0.444444 0.344882 0.555556
v 0.444444 0.333333 0.563209
v 0.444444 0.444444 0.328341
v 0.444444 0.447943 0.333333
v 0.449434 0.444444 0.333333
v 0.449434 0.444444 0.333333
v 0.444444 0.447943 0.333333
v 0.444444 0.444444 0.33766
v 0.666667 0.111111 0.079346
v 0.555556 0.0121788 0.111111
v 0.555556 0.111111 0.0191297
v 0.666667 0.0762333 0.111111
v 0.555556 0.0121788 0.111111
v 0.666667 0.111111 0.079346
v 0.555556 0.0121788 0.111111
v 0.666667 0.0762333 0.111111
v 0.555556 0.00170737 0.222222
v 0.666667 0.0762333 0.111111
v 0.666667 0.0122038 0.222222
v 0.555556 0.00170737 0.222222
v 0.555556 0.00170737 0.222222
v 0.666667 0.0122038 0.222222
v 0.555556 0.000849343 0.333333
v 0.666667 0.0122038 0.222222
v 0.666667 0.00861194 0.333333
v 0.555556 0.000849343 0.333333
v 0.555556 0.000849343 0.333333
v 0.666667 0.00861194 0.333333
v 0.555556 0.00348948 0.444444
v 0.666667 0.00861194 0.333333
v 0.666667 0.0245691 0.444444
v 0.555556 0.00348948 0.444444
v 0.652558 0.111111 0.555556
v 0.666667 0.0245691 0.444444
v 0.666667 0.111111 0.544929
v 0.652558 0.111111 0.555556
v 0.555556 0.0475345 0.555556
v 0.666667 0.0245691 0.444444
v 0.555556 0.0475345 0.555556
v 0.555556 0.00348948 0.444444
v 0.666667 0.0245691 0.444444
v 0.555556 0.0475345 0.555556
v 0.652558 0.111111 0.555556
v 0.555556 0.111111 0.603887
v 0.555556 0.111111 0.0191297
v 0.555556 0.222222 0.027471
v 0.666667 0.111111 0.079346
v 0.555556 0.222222 0.027471
v 0.666667 0.222222 0.091309
v 0.666667 0.111111 0.079346
v 0.633669 0.222222 0.555556
v 0.652558 0.111111 0.555556
v 0.666667 0.111111 0.544929
v 0.666667 0.222222 0.53124
v 0.633669 0.222222 0.555556
v 0.666667 0.111111 0.544929
v 0.555556 0.111111 0.603887
v 0.633669 0.222222 0.555556
v 0.555556 0.222222 0.594984
v 0.652558 0.111111 0.555556
v 0.633669 0.222222 0.555556
v 0.555556 0.111111 0.603887
v 0.666667 0.26183 0.111111
v 0.555556 0.333333 0.0739154
v 0.616229 0.333333 0.111111
v 0.666667 0.26183 0.111111
v 0.666667 0.222222 0.091309
v 0.555556 0.333333 0.0739154
v 0.666667 0.222222 0.091309
v 0.555556 0.222222 0.027471
v 0.555556 0.333333 0.0739154
v 0.666667 0.314357 0.222222
v 0.666667 0.26183 0.111111
v 0.616229 0.333333 0.111111
v 0.644518 0.333333 0.222222
v 0.666667 0.314357 0.222222
v 0.616229 0.333333 0.111111
v 0.666667 0.314357 0.222222
v 0.644518 0.333333 0.222222
v 0.666667 0.333333 0.257367
v 0.555556 0.317563 0.555556
v 0.633669 0.222222 0.555556
v 0.666667 0.222222 0.53124
v 0.555556 0.317563 0.555556
v 0.666667 0.222222 0.53124
v 0.555556 0.333333 0.544895
v 0.555556 0.333333 0.544895
v 0.666667 0.222222 0.53124
v 0.666667 0.333333 0.464029
v 0.633669 0.222222 0.555556
v 0.555556 0.317563 0.555556
v 0.555556 0.222222 0.594984
v 0.555556 0.333333 0.0739154
v 0.555556 0.374103 0.111111
v 0.616229 0.333333 0.111111
v 0.616229 0.333333 0.111111
v 0.555556 0.3971 0.222222
v 0.644518 0.333333 0.222222
v 0.555556 0.374103 0.111111
v 0.555556 0.3971 0.222222
v 0.616229 0.333333 0.111111
v 0.644518 0.333333 0.222222
v 0.666667 0.374905 0.333333
v 0.666667 0.333333 0.257367
v 0.644518 0.333333 0.222222
v 0.555556 0.3971 0.222222
v 0.666667 0.374905 0.333333
v 0.555556 0.3971 0.222222
v 0.555556 0.402238 0.333333
v 0.666667 0.374905 0.333333
v 0.555556 0.402238 0.333333
v 0.555556 0.39173 0.444444
v 0.666667 0.374905 0.333333
v 0.666667 0.374905 0.333333
v 0.555556 0.39173 0.444444
v 0.666667 0.353074 0.444444
v 0.555556 0.39173 0.444444
v 0.666667 0.333333 0.464029
v 0.666667 0.353074 0.444444
v 0.555556 0.333333 0.544895
v 0.666667 0.333333 0.464029
v 0.555556 0.39173 0.444444
v 0.666667 0.111111 0.079346
v 0.698415 0.111111 0.111111
v 0.666667 0.0762333 0.111111
v 0.666667 0.0762333 0.111111
v 0.758556 0.111111 0.222222
v 0.666667 0.0122038 0.222222
v 0.698415 0.111111 0.111111
v 0.758556 0.111111 0.222222
v 0.666667 0.0762333 0.111111
v 0.777778 0.111111 0.320504
v 0.666667 0.0122038 0.222222
v 0.758556 0.111111 0.222222
v 0.777778 0.111111 0.320504
v 0.777778 0.107921 0.333333
v 0.666667 0.0122038 0.222222
v 0.777778 0.107921 0.333333
v 0.666667 0.00861194 0.333333
v 0.666667 0.0122038 0.222222
v 0.743078 0.111111 0.444444
v 0.777778 0.107921 0.333333
v 0.777778 0.111111 0.341187
v 0.743078 0.111111 0.444444
v 0.666667 0.0245691 0.444444
v 0.777778 0.107921 0.333333
v 0.666667 0.0245691 0.444444
v 0.666667 0.00861194 0.333333
v 0.777778 0.107921 0.333333
v 0.666667 0.0245691 0.444444
v 0.743078 0.111111 0.444444
v 0.666667 0.111111 0.544929
v 0.666667 0.222222 0.091309
v 0.698415 0.111111 0.111111
v 0.666667 0.111111 0.079346
v 0.686458 0.222222 0.111111
v 0.698415 0.111111 0.111111
v 0.666667 0.222222 0.091309
v 0.698415 0.111111 0.111111
v 0.686458 0.222222 0.111111
v 0.758556 0.111111 0.222222
v 0.758556 0.111111 0.222222
v 0.686458 0.222222 0.111111
v 0.750226 0.222222 0.222222
v 0.758556 0.111111 0.222222
v 0.750226 0.222222 0.222222
v 0.777778 0.222222 0.316036
v 0.777778 0.111111 0.320504
v 0.758556 0.111111 0.222222
v 0.777778 0.222222 0.316036
v 0.733412 0.222222 0.444444
v 0.743078 0.111111 0.444444
v 0.777778 0.111111 0.341187
v 0.777778 0.222222 0.345786
v 0.733412 0.222222 0.444444
v 0.777778 0.111111 0.341187
v 0.666667 0.111111 0.544929
v 0.733412 0.222222 0.444444
v 0.666667 0.222222 0.53124
v 0.743078 0.111111 0.444444
v 0.733412 0.222222 0.444444
v 0.666667 0.111111 0.544929
v 0.666667 0.222222 0.091309
v 0.666667 0.26183 0.111111
v 0.686458 0.222222 0.111111
v 0.686458 0.222222 0.111111
v 0.666667 0.314357 0.222222
v 0.750226 0.222222 0.222222
v 0.666667 0.26183 0.111111
v 0.666667 0.314357 0.222222
v 0.686458 0.222222 0.111111
v 0.666667 0.333333 0.257367
v 0.709813 0.333333 0.333333
v 0.777778 0.231086 0.333333
v 0.666667 0.314357 0.222222
v 0.666667 0.333333 0.257367
v 0.777778 0.231086 0.333333
v 0.666667 0.314357 0.222222
v 0.777778 0.231086 0.333333
v 0.777778 0.222222 0.316036
v 0.666667 0.314357 0.222222
v 0.777778 0.222222 0.316036
v 0.750226 0.222222 0.222222
v 0.777778 0.222222 0.345786
v 0.777778 0.231086 0.333333
v 0.709813 0.333333 0.333333
v 0.777778 0.222222 0.345786
v 0.709813 0.333333 0.333333
v 0.733412 0.222222 0.444444
v 0.733412 0.222222 0.444444
v 0.709813 0.333333 0.333333
v 0.681719 0.333333 0.444444
v 0.666667 0.222222 0.53124
v 0.681719 0.333333 0.444444
v 0.666667 0.333333 0.464029
v 0.733412 0.222222 0.444444
v 0.681719 0.333333 0.444444
v 0.666667 0.222222 0.53124
v 0.666667 0.333333 0.257367
v 0.666667 0.374905 0.333333
v 0.709813 0.333333 0.333333
v 0.709813 0.333333 0.333333
v 0.666667 0.353074 0.444444
v 0.681719 0.333333 0.444444
v 0.666667 0.374905 0.333333
v 0.666667 0.353074 0.444444
v 0.709813 0.333333 0.333333
v 0.681719 0.333333 0.444444
v 0.666667 0.353074 0.444444
v 0.666667 0.333333 0.464029
v 0.777778 0.111111 0.320504
v 0.781778 0.111111 0.333333
v 0.777778 0.107921 0.333333
v 0.777778 0.107921 0.333333
v 0.781778 0.111111 0.333333
v 0.777778 0.111111 0.341187
v 0.777778 0.222222 0.316036
v 0.781778 0.111111 0.333333
v 0.777778 0.111111 0.320504
v 0.825195 0.222222 0.333333
v 0.781778 0.111111 0.333333
v 0.777778 0.222222 0.316036
v 0.777778 0.111111 0.341187
v 0.825195 0.222222 0.333333
v 0.777778 0.222222 0.345786
v 0.781778 0.111111 0.333333
v 0.825195 0.222222 0.333333
v 0.777778 0.111111 0.341187
v 0.825195 0.222222 0.333333
v 0.777778 0.222222 0.316036
v 0.777778 0.231086 0.333333
v 0.888889 0.261337 0.333333
v 0.869277 0.333333 0.333333
v 0.888889 0.333333 0.313927
v 0.777778 0.231086 0.333333
v 0.777778 0.222222 0.345786
v 0.825195 0.222222 0.333333
v 0.869277 0.333333 0.333333
v 0.888889 0.261337 0.333333
v 0.888889 0.333333 0.344999
v 0.869277 0.333333 0.333333
v 0.888889 0.349855 0.333333
v 0.888889 0.333333 0.313927
v 0.869277 0.333333 0.333333
v 0.888889 0.333333 0.344999
v 0.888889 0.349855 0.333333
v 0.888889 0.333333 0.313927
v 0.912827 0.333333 0.333333
v 0.888889 0.261337 0.333333
v 0.888889 0.261337 0.333333
v 0.912827 0.333333 0.333333
v 0.888889 0.333333 0.344999
v 0.888889 0.333333 0.313927
v 0.888889 0.349855 0.333333
v 0.912827 0.333333 0.333333
v 0.912827 0.333333 0.333333
v 0.888889 0.349855 0.333333
v 0.888889 0.333333 0.344999
